1
71
6021.000
6026.000
6031.000
6036.000
6041.000
6046.000
6051.000
6056.000
6061.000
6066.000
6071.000
6076.000
6081.000
6086.000
6091.000
6096.000
6101.000
6106.000
6111.000
6116.000
6121.000
6126.000
6131.000
6136.000
6141.000
6146.000
6151.000
6156.000
6161.000
6166.000
6171.000
6176.000
6181.000
6186.000
6191.000
6196.000
6201.000
6206.000
6211.000
6216.000
6221.000
6226.000
6231.000
6236.000
6241.000
6246.000
6251.000
6256.000
6261.000
6266.000
6271.000
6276.000
6281.000
6286.000
6291.000
6296.000
6301.000
6306.000
6311.000
6316.000
6321.000
6326.000
6331.000
6336.000
6341.000
6346.000
6351.000
6356.000
6361.000
6366.000
6371.000
