1
62
45.100  
45.300  
45.500  
45.700  
45.900  
46.100  
46.300  
46.500  
46.700  
46.900  
47.100  
47.300  
47.500  
47.700  
47.900  
48.100  
48.300  
48.500  
48.700  
48.900  
49.100  
49.300  
49.500  
49.700  
49.900  
50.100  
50.300  
50.500  
50.700  
50.900  
51.100  
51.300  
51.500  
51.700  
51.900  
52.100  
52.300  
52.500  
52.700  
52.900  
53.100  
53.300  
53.500  
53.700  
53.900  
54.100  
54.300  
54.500  
54.700  
54.900  
55.100  
55.300  
55.500  
55.700  
55.900  
56.100  
56.300  
56.500  
56.700  
56.900  
57.100  
57.300  
