14
KG.YNB______
46.9990000000 129.4920000000 0.0000000000
KG.DNH______
46.6570000000 128.2010000000 0.0000000000
KG.NSN______
47.9820000000 125.3180000000 0.0000000000
KG.YKB______
51.7750000000 127.9900000000 0.0000000000
KG.CHNB_____
51.7310000000 127.1180000000 0.0000000000
KG.JSB______
52.6850000000 128.6880000000 0.0000000000
KS.SEHB_____
51.7300000000 128.2500000000 0.0000000000
IC.MDJ______
45.3800000000 129.5900000000 0.0000000000
KS.SEO2_____
52.5100000000 126.9200000000 0.0000000000
KS.CHJ2_____
53.1300000000 127.9700000000 0.0000000000
KG.TJN______
53.6200000000 127.3600000000 0.0000000000
IU.INCN_____
52.5200000000 126.6200000000 0.0000000000
KG.BRD______
52.0230000000 124.7140000000 0.0000000000
KG.YNG______
49.3190000000 122.6040000000 0.0000000000
