1
72
121.700 
121.900 
122.100 
122.300 
122.500 
122.700 
122.900 
123.100 
123.300 
123.500 
123.700 
123.900 
124.100 
124.300 
124.500 
124.700 
124.900 
125.100 
125.300 
125.500 
125.700 
125.900 
126.100 
126.300 
126.500 
126.700 
126.900 
127.100 
127.300 
127.500 
127.700 
127.900 
128.100 
128.300 
128.500 
128.700 
128.900 
129.100 
129.300 
129.500 
129.700 
129.900 
130.100 
130.300 
130.500 
130.700 
130.900 
131.100 
131.300 
131.500 
131.700 
131.900 
132.100 
132.300 
132.500 
132.700 
132.900 
133.100 
133.300 
133.500 
133.700 
133.900 
134.100 
134.300 
134.500 
134.700 
134.900 
135.100 
135.300 
135.500 
135.700 
135.900 
